-0.166156 6.52915 -1.65519 4.22664 1.70605 1.43453 1.5987 0.83762 0
-7.50887 -8.58762 -1.83721 4.28482 1.78269 1.52519 0.117463 0.828662 0
5.19405 -11.7285 -2.12545 4.48607 1.84648 1.59527 -1.54053 0.80456 0
-1.76789 -5.49249 -1.89475 4.33533 1.78356 1.60308 1.25535 0.796767 0
9.14365 15.55 -1.44777 0.738795 0.6531 1.75334 2.84486 0.722331 8
-5.1982 -25.1794 -2.34591 4.43814 1.88382 1.70106 3.18429 0.722037 0
-16.255 -8.32886 -1.52645 4.68761 1.94077 1.55148 3.07606 0.716814 0
-20.4226 -18.7298 -1.76524 4.53009 1.90696 1.53041 0.0795579 0.699152 0
-16.6837 -11.381 -1.60058 4.55671 1.91442 1.72447 3.2321 0.627495 0
-20.3359 -5.78583 -1.21973 4.68761 1.93415 1.58363 -0.0287153 0.615666 0
-25.333 -21.2644 -0.956444 0.588731 0.637971 1.77748 0.268777 0.549701 8
-10.7243 -24.5368 -2.19958 4.78941 2.02104 1.85099 3.18477 0.513813 0
-5.34746 -27.7661 -2.43193 4.38215 1.90696 1.71273 3.11926 0.491982 0
-10.2762 -36.4535 -2.50056 4.49045 1.93793 1.62276 3.15087 0.469581 0
-25.9758 -21.9287 -0.865651 0.577062 0.635794 1.79054 0.35247 0.446917 8
8.62912 14.8388 -1.4339 0.732331 0.651189 1.76709 2.96298 0.436622 8
-21.3396 -34.0954 -2.1172 4.71055 1.9936 1.74821 -0.00840759 0.429489 0
-10.2012 -31.6828 -2.39652 4.41221 1.94647 1.63509 3.14236 0.422683 0
-21.2986 -36.4576 -2.17879 4.64205 1.99165 1.7144 -0.00297999 0.407451 0
-2.85782 -36.4714 -2.68889 1.9579 0.70548 1.54204 -1.5388 0.398641 6
-0.414142 14.7191 -1.45817 4.48169 1.83749 1.72363 1.47698 0.390243 0
-2.9534 -32.5188 -2.5767 1.99555 0.688129 1.46712 -1.48258 0.371023 6
-10.2327 -28.5252 -2.3157 4.45986 1.96078 1.68864 3.17008 0.36659 0
-10.2539 -34.9312 -2.46932 4.47731 1.93888 1.60896 3.15543 0.349755 0
-25.1057 -20.7459 -0.940619 0.590747 0.631771 1.76192 0.185688 0.345436 8
9.73343 16.2427 -1.44477 0.750246 0.655656 1.73122 2.81375 0.340047 8
-0.244316 21.0927 -1.17414 4.26395 1.78008 1.68535 1.55275 0.335133 0
-10.2346 -33.2685 -2.42538 4.4338 1.93604 1.60386 3.14333 0.30819 0
-21.2728 -32.526 -2.06727 4.55671 1.94837 1.64711 0.00575066 0.305283 0
-21.9426 -28.4741 -1.90918 4.47731 1.91723 1.60151 -0.0218887 0.300335 0
-2.85255 -34.9251 -2.6478 2.01907 0.713099 1.51924 -1.50896 0.298696 6
1.19809 -49.2855 -2.9097 4.4079 1.88198 1.68288 1.5964 0.290276 0
-25.9816 -4.3794 0.0528321 0.689474 0.655656 1.62872 3.71987 0.289573 8
-21.2571 -38.0372 -2.22178 4.61944 1.99457 1.66571 -0.000380397 0.286269 0
-21.34 -26.8619 -1.89619 4.55671 1.93793 1.62951 -0.0894276 0.280124 0
-10.6968 -26.0008 -2.2381 4.65113 2.00042 1.76365 3.16547 0.270962 0
-25.2793 -4.35897 -0.0268314 0.680943 0.6531 1.61368 4.13317 0.267026 8
-5.25231 -45.2822 -2.77668 4.33533 1.8519 1.58363 3.18974 0.26341 0
-3.23336 21.9725 -1.1106 0.276878 0.273652 1.00904 0.536119 0.262464 9
-3.3517 22.579 -1.10614 0.280689 0.272585 1.03885 0.580461 0.259826 9
-10.0008 -22.9477 -2.16101 4.75678 2.00434 1.85552 3.16684 0.249082 0
-5.2649 -43.7118 -2.74401 4.289 1.83301 1.56594 3.1787 0.247623 0
-22.01 -30.0403 -1.96521 4.45986 1.90789 1.5763 -0.00084722 0.247623 0
-3.42706 -32.4963 -2.56405 2.21751 0.746228 1.55451 -1.51579 0.245266 6
-5.24634 -46.8657 -2.81656 4.38643 1.87739 1.61014 3.18765 0.244904 0
-26.7654 -4.43494 0.121124 0.70273 0.666469 1.6443 3.55376 0.243642 8
-10.1999 -30.0828 -2.36143 4.47731 1.96557 1.6796 3.16127 0.237576 0
-21.273 -39.57 -2.27231 4.64659 2.00434 1.65517 -0.015316 0.233532 0
-5.13614 -37.2898 -2.66774 4.44247 1.91723 1.61289 3.3798 0.223377 0
-10.6639 -37.9567 -2.49858 4.53009 1.93509 1.63709 3.15058 0.21984 0
-5.26871 -48.4524 -2.85399 4.42948 1.89952 1.65275 3.17661 0.216177 0
-9.18911 -21.3654 -2.09217 4.64205 1.95122 1.85099 3.17884 0.215681 0
6.22034 12.8266 -1.39061 0.321497 0.322756 0.771421 3.20836 0.206254 9
-26.5687 -22.1469 -0.79481 0.582725 0.634863 1.79931 0.50286 0.20466 8
-0.266864 17.8905 -1.31537 4.45116 1.80723 1.73122 1.53486 0.203075 0
-27.5703 -4.5082 0.164047 0.720625 0.679448 1.66653 3.43233 0.200401 8
-5.32027 -50.0795 -2.89281 4.44247 1.90509 1.66653 3.16843 0.191328 0
-5.24031 -42.1199 -2.7155 4.29739 1.83659 1.56977 3.18191 0.18743 0
-2.83434 -37.9638 -2.68433 1.86551 0.684777 1.55755 -1.57079 0.18374 6
-1.15404 29.0593 -1.05952 4.25563 1.74821 1.54732 1.68612 0.178383 0
-28.3714 -4.55738 0.197029 0.740782 0.695391 1.67468 3.30189 0.174551 8
-5.34096 -51.6424 -2.94202 4.31842 1.88106 1.64792 3.09397 0.172311 0
-5.14866 -38.8626 -2.68085 4.44681 1.90231 1.63111 3.2903 0.171755 0
-3.52885 23.3444 -1.08872 0.283721 0.283998 1.07711 0.768396 0.169406 9
-24.5635 -4.38049 -0.133678 0.659348 0.648017 1.56518 -1.37917 0.167219 8
-3.50352 -36.4755 -2.65989 2.53248 0.88056 1.55337 -1.55387 0.166947 6
-2.93715 21.2855 -1.16807 0.271788 0.290449 1.1586 0.766949 0.164382 9
-2.97058 -30.9903 -2.54303 1.97326 0.676138 1.43069 -1.47724 0.163846 6
-26.7434 -22.6789 -0.835332 0.580737 0.635484 1.81342 0.65994 0.163045 8
-5.30733 -29.0363 -2.48658 4.33109 1.87831 1.66816 3.19303 0.161849 0
-5.16717 -40.4927 -2.69512 4.35229 1.86187 1.59605 3.20842 0.154312 0
-5.18549 -35.7536 -2.64054 4.38215 1.90231 1.59527 3.57374 0.154058 0
1.25571 -46.179 -2.85701 4.35655 1.87007 1.6936 1.61978 0.151404 0
-29.1502 -4.56225 0.205283 0.760203 0.70548 1.68782 3.17269 0.146697 8
-3.45186 -34.0294 -2.60191 2.31827 0.786444 1.56441 -1.52395 0.144752 6
-1.0901 25.8765 -1.08701 4.25147 1.74907 1.60896 1.62782 0.143427 0
-24.4432 -19.9424 -1.05618 0.598295 0.626243 1.75849 0.175214 0.141519 8
-30.7505 -0.319692 0.102063 0.75208 0.674819 1.73715 1.92626 0.141045 8
-3.55963 -29.304 -2.48783 2.11493 0.719921 1.46247 4.70005 0.140454 6
-1.93492 49.9169 -0.713412 4.28482 1.92849 1.57169 3.05637 0.140218 0
-25.7685 -20.7695 -0.809148 0.585864 0.635794 1.72447 0.16529 0.135118 8
-30.0383 -0.327346 0.116267 0.719921 0.656617 1.61132 1.97639 0.135004 8
0.37467 23.401 -1.12174 4.289 1.78008 1.66165 1.57742 0.131842 0
-26.0112 -5.00433 0.028981 0.702901 0.650871 1.55984 4.16212 0.128307 8
-3.05104 -29.3608 -2.54046 1.96461 0.670549 1.41471 -1.50622 0.125923 6
-2.41973 -35.713 -2.70752 1.97037 0.707723 1.47178 -1.50987 0.122313 6
-2.70746 42.6763 -0.756209 4.32687 1.8528 1.57169 2.89101 0.121373 0
8.38443 14.2042 -1.44287 0.745135 0.652144 1.75334 2.96731 0.120335 8
-2.39451 -33.2695 -2.63687 2.0599 0.715366 1.43069 -1.4826 0.120026 6
0.579228 -51.7343 -3.00215 4.56562 1.91442 1.75249 1.6477 0.116362 0
-25.2504 -5.01296 -0.0820108 0.68294 0.648017 1.5364 -1.51518 0.116161 8
-10.7812 -39.5644 -2.51243 4.46858 1.91535 1.59917 3.14297 0.112795 0
-29.9267 -4.5427 0.205444 0.784334 0.71764 1.70272 3.05279 0.109325 8
-3.61391 24.1594 -1.06875 0.296177 0.304388 1.11572 0.891366 0.109135 9
-31.508 -0.302781 0.112729 0.773495 0.688465 1.79755 1.84168 0.107625 8
-21.2312 -41.1477 -2.32934 4.64659 1.99457 1.64832 -0.0218393 0.105395 0
-3.47163 -30.9524 -2.51778 2.19382 0.7435 1.5148 -1.48592 0.102844 6
-2.43997 -37.2048 -2.73969 1.88842 0.70376 1.49679 -1.53352 0.102125 6
7.71269 13.9517 -1.42956 0.67713 0.625326 1.66653 3.01735 0.101233 8
-21.1933 -25.4005 -1.84708 4.66477 1.96941 1.67223 -0.106072 0.100879 0
