58.8518 16.5379 -0.733207 3.91439 1.57156 1.47398 3.19234 0 0.496451 
29.5624 -7.19233 -0.701771 3.42478 1.45987 1.46275 6.11866 0 0.385444 
46.1279 -4.65681 -0.18605 1.71111 0.447022 1.76004 6.46248 2 0.341681 
33.715 12.2497 -0.821297 4.47929 1.65886 1.51772 3.13115 0 0.167045 
46.8006 23.3826 -1.06245 3.88492 1.62076 1.49038 3.0298 0 0.157716 
39.8364 20.1559 -1.04331 3.87427 1.63534 1.56521 3.21253 0 0.157227 
61.7258 -3.64982 -0.0793617 4.12193 1.61211 1.64289 3.00326 0 0.153364 
39.7653 25.2145 -1.26025 3.64234 1.53708 1.4642 3.53401 0 0.137326 
44.9916 24.7654 -0.687918 0.626541 0.65931 1.91859 4.20502 1 0.130348 
37.2527 -3.70986 -0.656618 4.08802 1.65706 1.47921 6.13135 0 0.119218 
55.9347 -3.35221 -0.267907 4.44291 1.71828 1.61138 3.34131 0 0.103332 
