38.3987 15.6905 -0.929216 3.82197 1.6593 1.46095 3.08308 0 0.927406 
51.5283 15.9596 -0.87441 3.79369 1.6255 1.47906 3.1346 0 0.700448 
33.6129 -28.7923 -0.48274 1.60283 0.399313 1.67899 5.60657 2 0.30948 
20.3766 -16.5853 -0.788912 1.75709 0.621639 1.69142 1.39893 2 0.28466 
33.3327 -19.4992 -0.719139 0.651059 0.66193 1.75773 2.75397 1 0.228013 
21.1812 -13.9391 -0.821118 3.69931 1.5979 1.47896 4.78985 0 0.160625 
60.3074 21.676 -0.55413 3.79339 1.65574 1.57872 3.19316 0 0.150645 
50.9665 20.4542 -0.788655 4.59498 1.76122 1.47597 2.90963 0 0.139114 
51.6011 22.6917 -0.826508 4.21264 1.68213 1.62019 3.15951 0 0.120113 
41.3539 21.703 -0.931145 3.72098 1.62335 1.49188 3.21118 0 0.119783 
41.5268 30.0431 -0.874698 3.9105 1.5721 1.57049 3.61779 0 0.116707 
43.4379 -10.4521 -0.561355 1.65904 0.440986 1.6882 6.42667 2 0.115861 
49.1412 24.5494 -0.561024 4.07204 1.68856 1.66664 3.7118 0 0.110391 
46.6799 29.6133 -0.540055 0.608335 0.720363 1.80524 5.02206 1 0.108849 
6.75562 -8.06125 -0.754533 4.12819 1.57886 1.52994 4.72717 0 0.104377 
58.7637 19.5794 -0.527207 0.799873 0.550528 1.8071 4.46656 1 0.104353 
