14.7542 -1.06689 -0.79392 3.73014 1.57185 1.5019 5.96781 0 0.965482 
8.1197 1.21864 -0.806831 3.66384 1.56087 1.5794 2.82693 0 0.950286 
6.41847 -3.79746 -0.972429 3.03618 1.43801 1.44473 5.96154 0 0.930608 
33.5378 -7.09232 -0.577114 4.15891 1.69021 1.67396 2.86949 0 0.834305 
3.65988 2.72869 -0.908442 3.71467 1.56073 1.52497 6.03487 0 0.771291 
20.2418 -8.41748 -0.885363 2.28701 1.50748 1.60051 5.91975 0 0.683789 
24.9969 -10.1043 -0.941493 3.76805 1.61377 1.44715 5.96717 0 0.65605 
55.4206 -20.1693 -0.586213 4.19356 1.67832 1.5897 2.80086 0 0.551183 
40.952 -9.87178 -0.590337 3.79392 1.57515 1.56583 5.95086 0 0.503712 
28.7372 -1.60682 -0.358347 3.78259 1.55458 1.58004 1.25162 0 0.465571 
29.894 -14.0271 -0.713688 0.710673 0.528643 1.81814 1.81779 1 0.313988 
40.5776 -7.12974 -0.453636 0.771644 0.642132 1.82185 6.30707 1 0.269187 
10.5009 5.39187 -0.696771 0.682051 0.557455 1.71312 4.45809 1 0.255735 
18.6621 0.286805 -0.72271 0.696377 0.590365 1.61724 3.49369 1 0.239639 
33.591 -15.3372 -0.670731 1.57927 0.442051 1.66318 5.85777 2 0.234788 
53.6673 -16.1788 -0.217063 0.955384 0.512055 1.96616 4.07297 1 0.225718 
30.4546 -3.73368 -0.389252 1.66044 0.550588 1.72684 2.87374 2 0.220787 
37.2168 -6.03484 -0.48552 0.886009 0.587394 1.78581 6.39176 1 0.219375 
34.0845 -4.96167 -0.419222 0.891093 0.689296 1.87956 6.0674 1 0.188238 
13.2831 4.37924 -0.62917 1.77239 0.546675 1.69367 5.59935 2 0.136196 
37.0711 -16.5266 -0.684758 1.45916 0.543918 1.6778 2.5991 2 0.123966 
18.6999 1.18102 -0.4767 0.732807 0.643614 1.83774 5.85024 1 0.122593 
9.59624 -7.5532 -0.920936 1.86038 0.576761 1.7604 2.77549 2 0.111115 
45.0185 -7.58126 -0.0798535 3.78957 1.64553 1.71677 4.44892 0 0.1002 
