34.8435 -3.12483 -1.42657 4.00205 1.57253 1.46992 6.32517 0 0.849092 
15.8829 3.68732 -1.03257 1.70474 0.542637 1.7564 3.07698 2 0.381921 
10.6042 3.96746 -0.814244 0.797124 0.590292 1.87271 1.3433 1 0.380562 
23.7472 3.41982 -0.878103 0.868492 0.621534 2.03397 4.38248 1 0.290226 
7.84036 -2.71277 -0.803942 0.878209 0.656077 1.80172 2.93783 1 0.279192 
6.47207 3.94053 -0.884432 1.83959 0.56135 1.67067 6.29534 2 0.270861 
7.77092 -3.40822 -0.872836 0.818305 0.605272 1.69815 2.90751 1 0.235141 
44.9389 1.49209 -1.76411 3.82859 1.68504 1.53452 2.83286 0 0.1657 
32.0105 -4.36786 -1.0983 0.74939 0.701748 1.97527 1.87505 1 0.165686 
38.2134 -4.42697 -1.10388 0.733361 0.564645 1.94191 5.44054 1 0.131964 
60.3672 -5.19406 -0.997524 0.839135 0.559599 1.77749 4.72348 1 0.120761 
14.4837 3.9488 -1.00304 0.642905 0.657141 1.82231 1.16567 1 0.120494 
34.4797 3.96633 -1.16071 0.482755 0.685929 1.97554 6.36597 1 0.104016 
