31.9879 2.72519 -0.516644 4.28093 1.6327 1.5564 5.98924 0 0.963058 
19.7706 12.8866 -0.777171 4.03945 1.58928 1.4131 5.12398 0 0.903431 
38.2901 12.8769 -0.654202 3.90878 1.60429 1.44594 2.93905 0 0.770155 
48.6722 2.72327 -0.249788 3.54841 1.5512 1.52145 6.42492 0 0.449368 
65.7422 1.03102 -0.149052 3.81271 1.63748 1.50356 6.09285 0 0.383287 
30.4396 22.5123 -0.504315 4.25003 1.62863 1.54335 2.16041 0 0.382453 
44.1589 25.4969 -0.855294 3.47955 1.56914 1.48777 2.40051 0 0.315125 
61.5917 -1.08631 -0.126566 3.92713 1.70715 1.74905 6.09739 0 0.304339 
33.71 18.8461 -0.473081 3.65276 1.6047 1.83712 6.75957 0 0.263208 
7.66999 -2.67329 -0.584007 0.861034 0.558839 1.80496 1.7445 1 0.243894 
31.1611 -16.8464 1.2231 3.92839 1.656 1.50421 3.19355 0 0.217591 
41.8724 25.8359 -0.698277 1.57563 0.398785 1.6445 6.83903 2 0.209387 
49.1997 0.557517 -0.362276 4.15979 1.72867 1.49837 3.10824 0 0.179563 
32.4939 25.9545 -0.744839 4.02942 1.68479 1.69063 6.99142 0 0.153637 
33.831 21.7181 -0.394424 0.57711 0.668444 1.9265 3.7117 1 0.147486 
69.1729 -3.04825 0.222311 4.00354 1.59982 1.55158 6.05199 0 0.146256 
33.4461 9.20043 -0.603214 4.26891 1.64737 1.48444 1.87802 0 0.10459 
