25.3625 0.685135 -0.704868 3.15773 1.69557 1.597 6.29466 0 0.96441 
47.6706 7.56178 -0.717809 3.70021 1.55219 1.45137 3.1863 0 0.859281 
34.358 12.5931 -0.616068 1.93546 0.497606 1.75054 3.18351 2 0.826077 
60.753 4.71639 -0.457354 4.07795 1.56915 1.45592 3.08902 0 0.527284 
34.0341 -30.6028 -0.727385 4.01649 1.57969 1.41467 4.91439 0 0.300876 
43.4919 -20.4519 -0.40674 0.560487 0.67652 1.99882 6.50674 1 0.212972 
20.1671 16.5313 -0.670735 0.551273 0.599932 1.88476 3.46065 1 0.139114 
14.1767 9.67085 -0.800223 0.741027 0.45886 1.82585 1.67888 1 0.128265 
62.5728 7.59919 -0.429362 4.30349 1.63029 1.43917 2.74473 0 0.122726 
43.3422 11.7566 -0.67652 3.94265 1.58117 1.54109 3.15853 0 0.11313 
