24.1527 -0.687646 -0.732635 3.15752 1.66871 1.59415 6.22047 0 0.971502 
66.7243 -0.144803 -0.488159 4.06229 1.55424 1.48432 3.04004 0 0.336912 
69.1383 2.45242 -0.545712 3.97182 1.53216 1.3442 3.00362 0 0.250892 
27.3664 -23.488 -0.253263 0.56852 0.748499 1.90094 1.68336 1 0.200165 
55.2405 11.3938 -0.629525 0.69932 0.540394 1.78465 4.62428 1 0.197071 
67.5177 36.4634 0.520497 3.95681 1.62176 1.54834 6.48259 0 0.194233 
65.4855 -7.80528 -0.49121 3.98701 1.5275 1.48727 2.96739 0 0.189778 
30.2832 -4.71468 -0.736266 4.23689 1.68335 1.55639 3.07121 0 0.175768 
68.2296 26.9675 0.371907 4.56585 1.76506 2.53962 2.88908 0 0.174764 
68.6126 -21.0694 -0.133735 4.02536 1.69355 1.65577 2.46272 0 0.128795 
35.9697 -23.5143 -0.571677 4.25166 1.61933 1.51044 1.5888 0 0.124421 
35.7505 -4.99209 -0.699795 4.25812 1.66738 1.56051 3.14426 0 0.106436 
41.2538 -26.3994 -0.124968 0.842997 0.548646 1.8326 4.32954 1 0.103249 
